  0.0000000e+000  4.6000000e+001  6.0000000e+000  1.0000000e+000  0.0000000e+000  1.0000000e+000  1.0000000e+000  0.0000000e+000  0.0000000e+000  0.0000000e+000
  0.0000000e+000  4.5000000e+001  7.0000000e+000  1.0000000e+000  0.0000000e+000  1.0000000e+000  1.0000000e+000  0.0000000e+000  0.0000000e+000  1.1821813e+004
  0.0000000e+000  4.5000000e+001  9.0000000e+000  1.0000000e+000  0.0000000e+000  1.0000000e+000  1.0000000e+000  0.0000000e+000  0.0000000e+000  0.0000000e+000
  0.0000000e+000  4.9000000e+001  1.4000000e+001  0.0000000e+000  0.0000000e+000  1.0000000e+000  0.0000000e+000  0.0000000e+000  0.0000000e+000  0.0000000e+000
  0.0000000e+000  5.3000000e+001  6.0000000e+000  0.0000000e+000  0.0000000e+000  1.0000000e+000  1.0000000e+000  0.0000000e+000  0.0000000e+000  0.0000000e+000
  0.0000000e+000  4.7000000e+001  1.2000000e+001  0.0000000e+000  0.0000000e+000  0.0000000e+000  0.0000000e+000  0.0000000e+000  0.0000000e+000  0.0000000e+000
  0.0000000e+000  4.7000000e+001  8.0000000e+000  0.0000000e+000  0.0000000e+000  0.0000000e+000  1.0000000e+000  0.0000000e+000  0.0000000e+000  0.0000000e+000
  0.0000000e+000  5.2000000e+001  8.0000000e+000  0.0000000e+000  0.0000000e+000  1.0000000e+000  1.0000000e+000  0.0000000e+000  0.0000000e+000  0.0000000e+000
  0.0000000e+000  4.0000000e+001  1.0000000e+001  0.0000000e+000  1.0000000e+000  1.0000000e+000  1.0000000e+000  0.0000000e+000  0.0000000e+000  0.0000000e+000
  0.0000000e+000  5.5000000e+001  1.4000000e+001  0.0000000e+000  0.0000000e+000  1.0000000e+000  0.0000000e+000  0.0000000e+000  0.0000000e+000  0.0000000e+000
  0.0000000e+000  5.4000000e+001  3.0000000e+000  1.0000000e+000  0.0000000e+000  0.0000000e+000  1.0000000e+000  0.0000000e+000  0.0000000e+000  2.2165899e+002
  0.0000000e+000  5.0000000e+001  1.2000000e+001  1.0000000e+000  0.0000000e+000  1.0000000e+000  0.0000000e+000  0.0000000e+000  0.0000000e+000  0.0000000e+000
  0.0000000e+000  5.2000000e+001  1.2000000e+001  0.0000000e+000  0.0000000e+000  1.0000000e+000  0.0000000e+000  0.0000000e+000  0.0000000e+000  0.0000000e+000
  0.0000000e+000  2.5000000e+001  1.1000000e+001  1.0000000e+000  0.0000000e+000  0.0000000e+000  1.0000000e+000  0.0000000e+000  0.0000000e+000  3.6943164e+003
  0.0000000e+000  4.6000000e+001  9.0000000e+000  0.0000000e+000  1.0000000e+000  1.0000000e+000  1.0000000e+000  0.0000000e+000  0.0000000e+000  0.0000000e+000
  0.0000000e+000  4.8000000e+001  9.0000000e+000  0.0000000e+000  0.0000000e+000  1.0000000e+000  1.0000000e+000  0.0000000e+000  0.0000000e+000  0.0000000e+000
  0.0000000e+000  4.4000000e+001  1.2000000e+001  0.0000000e+000  0.0000000e+000  0.0000000e+000  0.0000000e+000  0.0000000e+000  0.0000000e+000  0.0000000e+000
  0.0000000e+000  2.6000000e+001  1.7000000e+001  0.0000000e+000  0.0000000e+000  1.0000000e+000  0.0000000e+000  0.0000000e+000  0.0000000e+000  1.1821813e+004
  0.0000000e+000  5.1000000e+001  5.0000000e+000  1.0000000e+000  0.0000000e+000  0.0000000e+000  1.0000000e+000  0.0000000e+000  0.0000000e+000  0.0000000e+000
  0.0000000e+000  3.4000000e+001  1.6000000e+001  0.0000000e+000  0.0000000e+000  1.0000000e+000  0.0000000e+000  0.0000000e+000  0.0000000e+000  1.1821813e+004
  0.0000000e+000  4.1000000e+001  6.0000000e+000  1.0000000e+000  0.0000000e+000  1.0000000e+000  1.0000000e+000  0.0000000e+000  0.0000000e+000  0.0000000e+000
  0.0000000e+000  5.5000000e+001  8.0000000e+000  1.0000000e+000  0.0000000e+000  1.0000000e+000  1.0000000e+000  0.0000000e+000  0.0000000e+000  0.0000000e+000
  0.0000000e+000  4.6000000e+001  9.0000000e+000  0.0000000e+000  1.0000000e+000  1.0000000e+000  1.0000000e+000  0.0000000e+000  0.0000000e+000  0.0000000e+000
  0.0000000e+000  5.5000000e+001  8.0000000e+000  0.0000000e+000  0.0000000e+000  1.0000000e+000  1.0000000e+000  0.0000000e+000  0.0000000e+000  0.0000000e+000
  0.0000000e+000  3.4000000e+001  1.4000000e+001  1.0000000e+000  0.0000000e+000  1.0000000e+000  0.0000000e+000  0.0000000e+000  0.0000000e+000  0.0000000e+000
  0.0000000e+000  2.8000000e+001  1.2000000e+001  1.0000000e+000  0.0000000e+000  1.0000000e+000  0.0000000e+000  0.0000000e+000  0.0000000e+000  0.0000000e+000
  0.0000000e+000  5.4000000e+001  1.2000000e+001  0.0000000e+000  0.0000000e+000  1.0000000e+000  0.0000000e+000  0.0000000e+000  0.0000000e+000  0.0000000e+000
  0.0000000e+000  5.3000000e+001  7.0000000e+000  0.0000000e+000  1.0000000e+000  0.0000000e+000  1.0000000e+000  0.0000000e+000  0.0000000e+000  0.0000000e+000
  0.0000000e+000  5.4000000e+001  1.0000000e+001  1.0000000e+000  0.0000000e+000  1.0000000e+000  1.0000000e+000  0.0000000e+000  0.0000000e+000  0.0000000e+000
  0.0000000e+000  5.5000000e+001  1.2000000e+001  0.0000000e+000  1.0000000e+000  1.0000000e+000  0.0000000e+000  0.0000000e+000  0.0000000e+000  0.0000000e+000
  0.0000000e+000  5.3000000e+001  8.0000000e+000  1.0000000e+000  0.0000000e+000  1.0000000e+000  1.0000000e+000  0.0000000e+000  0.0000000e+000  0.0000000e+000
  0.0000000e+000  4.7000000e+001  1.2000000e+001  0.0000000e+000  0.0000000e+000  1.0000000e+000  0.0000000e+000  0.0000000e+000  0.0000000e+000  0.0000000e+000
  0.0000000e+000  5.5000000e+001  1.3000000e+001  0.0000000e+000  1.0000000e+000  1.0000000e+000  0.0000000e+000  0.0000000e+000  0.0000000e+000  0.0000000e+000
  0.0000000e+000  4.1000000e+001  8.0000000e+000  0.0000000e+000  0.0000000e+000  1.0000000e+000  1.0000000e+000  0.0000000e+000  0.0000000e+000  0.0000000e+000
  0.0000000e+000  4.5000000e+001  9.0000000e+000  1.0000000e+000  0.0000000e+000  1.0000000e+000  1.0000000e+000  0.0000000e+000  0.0000000e+000  0.0000000e+000
  0.0000000e+000  5.4000000e+001  3.0000000e+000  1.0000000e+000  0.0000000e+000  1.0000000e+000  1.0000000e+000  0.0000000e+000  0.0000000e+000  0.0000000e+000
  0.0000000e+000  5.4000000e+001  9.0000000e+000  0.0000000e+000  0.0000000e+000  1.0000000e+000  1.0000000e+000  0.0000000e+000  0.0000000e+000  0.0000000e+000
  0.0000000e+000  5.4000000e+001  1.0000000e+001  1.0000000e+000  0.0000000e+000  1.0000000e+000  1.0000000e+000  0.0000000e+000  0.0000000e+000  0.0000000e+000
  0.0000000e+000  5.3000000e+001  4.0000000e+000  1.0000000e+000  0.0000000e+000  0.0000000e+000  1.0000000e+000  0.0000000e+000  0.0000000e+000  0.0000000e+000
  0.0000000e+000  2.5000000e+001  1.2000000e+001  1.0000000e+000  0.0000000e+000  0.0000000e+000  0.0000000e+000  0.0000000e+000  0.0000000e+000  0.0000000e+000
  0.0000000e+000  5.4000000e+001  3.0000000e+000  1.0000000e+000  0.0000000e+000  1.0000000e+000  1.0000000e+000  0.0000000e+000  0.0000000e+000  0.0000000e+000
  0.0000000e+000  5.4000000e+001  3.0000000e+000  1.0000000e+000  0.0000000e+000  1.0000000e+000  1.0000000e+000  0.0000000e+000  0.0000000e+000  0.0000000e+000
  0.0000000e+000  4.4000000e+001  1.2000000e+001  0.0000000e+000  0.0000000e+000  1.0000000e+000  0.0000000e+000  0.0000000e+000  0.0000000e+000  0.0000000e+000
  0.0000000e+000  5.1000000e+001  4.0000000e+000  1.0000000e+000  0.0000000e+000  1.0000000e+000  1.0000000e+000  0.0000000e+000  0.0000000e+000  0.0000000e+000
  0.0000000e+000  4.5000000e+001  8.0000000e+000  0.0000000e+000  0.0000000e+000  1.0000000e+000  1.0000000e+000  0.0000000e+000  0.0000000e+000  0.0000000e+000
  0.0000000e+000  4.1000000e+001  1.1000000e+001  0.0000000e+000  0.0000000e+000  1.0000000e+000  1.0000000e+000  0.0000000e+000  0.0000000e+000  1.4481720e+004
  0.0000000e+000  2.3000000e+001  1.1000000e+001  1.0000000e+000  0.0000000e+000  0.0000000e+000  1.0000000e+000  0.0000000e+000  0.0000000e+000  0.0000000e+000
  0.0000000e+000  5.0000000e+001  1.2000000e+001  1.0000000e+000  0.0000000e+000  1.0000000e+000  0.0000000e+000  0.0000000e+000  0.0000000e+000  0.0000000e+000
  0.0000000e+000  2.3000000e+001  1.1000000e+001  1.0000000e+000  0.0000000e+000  0.0000000e+000  1.0000000e+000  0.0000000e+000  0.0000000e+000  0.0000000e+000
  0.0000000e+000  2.3000000e+001  1.2000000e+001  1.0000000e+000  0.0000000e+000  0.0000000e+000  0.0000000e+000  0.0000000e+000  0.0000000e+000  4.7287250e+003
  0.0000000e+000  2.1000000e+001  1.3000000e+001  0.0000000e+000  0.0000000e+000  0.0000000e+000  0.0000000e+000  0.0000000e+000  6.9285484e+002  2.6599078e+003
  0.0000000e+000  2.3000000e+001  1.4000000e+001  0.0000000e+000  0.0000000e+000  0.0000000e+000  0.0000000e+000  0.0000000e+000  3.4016129e+003  5.3198157e+003
  0.0000000e+000  2.5000000e+001  1.2000000e+001  1.0000000e+000  0.0000000e+000  1.0000000e+000  0.0000000e+000  0.0000000e+000  2.1483871e+004  1.2206022e+003
  0.0000000e+000  4.3000000e+001  3.0000000e+000  1.0000000e+000  0.0000000e+000  1.0000000e+000  1.0000000e+000  1.7633401e+001  0.0000000e+000  0.0000000e+000
  0.0000000e+000  5.2000000e+001  6.0000000e+000  1.0000000e+000  0.0000000e+000  1.0000000e+000  1.0000000e+000  2.3511202e+002  1.2460645e+003  1.4777266e+003
  0.0000000e+000  5.4000000e+001  8.0000000e+000  0.0000000e+000  0.0000000e+000  1.0000000e+000  1.0000000e+000  2.9389002e+002  5.3709677e+002  2.9554531e+002
  0.0000000e+000  5.2000000e+001  7.0000000e+000  1.0000000e+000  0.0000000e+000  0.0000000e+000  1.0000000e+000  2.9389002e+002  5.0129032e+003  0.0000000e+000
  0.0000000e+000  2.4000000e+001  1.2000000e+001  1.0000000e+000  0.0000000e+000  0.0000000e+000  0.0000000e+000  7.8370672e+002  0.0000000e+000  1.0344086e+004
  0.0000000e+000  2.2000000e+001  1.3000000e+001  0.0000000e+000  0.0000000e+000  0.0000000e+000  0.0000000e+000  7.8370672e+002  0.0000000e+000  2.3052535e+003
  0.0000000e+000  2.3000000e+001  1.2000000e+001  1.0000000e+000  0.0000000e+000  0.0000000e+000  0.0000000e+000  1.0775967e+003  3.2225806e+003  5.9109063e+003
  0.0000000e+000  2.2000000e+001  1.2000000e+001  1.0000000e+000  0.0000000e+000  1.0000000e+000  0.0000000e+000  1.2696049e+003  0.0000000e+000  0.0000000e+000
  0.0000000e+000  2.4000000e+001  1.7000000e+001  0.0000000e+000  0.0000000e+000  1.0000000e+000  0.0000000e+000  1.3714868e+003  0.0000000e+000  2.4825806e+004
  0.0000000e+000  3.1000000e+001  6.0000000e+000  1.0000000e+000  0.0000000e+000  0.0000000e+000  1.0000000e+000  1.4106721e+003  5.5500000e+002  1.6059932e+004
  0.0000000e+000  2.7000000e+001  1.6000000e+001  0.0000000e+000  0.0000000e+000  1.0000000e+000  0.0000000e+000  1.4694501e+003  1.2532258e+003  4.3637266e+003
  0.0000000e+000  1.9000000e+001  1.1000000e+001  1.0000000e+000  0.0000000e+000  0.0000000e+000  1.0000000e+000  1.5674134e+003  0.0000000e+000  0.0000000e+000
  0.0000000e+000  3.5000000e+001  9.0000000e+000  1.0000000e+000  0.0000000e+000  0.0000000e+000  1.0000000e+000  1.5674134e+003  5.3709677e+003  5.9109063e+003
  0.0000000e+000  2.1000000e+001  1.2000000e+001  1.0000000e+000  0.0000000e+000  0.0000000e+000  0.0000000e+000  1.9592668e+003  5.4604839e+003  1.1526267e+003
  0.0000000e+000  2.2000000e+001  1.2000000e+001  1.0000000e+000  0.0000000e+000  1.0000000e+000  0.0000000e+000  2.0062892e+003  2.4706452e+003  0.0000000e+000
  0.0000000e+000  2.3000000e+001  1.3000000e+001  0.0000000e+000  0.0000000e+000  1.0000000e+000  0.0000000e+000  2.1551935e+003  5.3709677e+003  1.1378495e+004
  0.0000000e+000  1.9000000e+001  1.4000000e+001  0.0000000e+000  0.0000000e+000  0.0000000e+000  0.0000000e+000  2.9389002e+003  3.2225806e+003  0.0000000e+000
  0.0000000e+000  4.0000000e+001  4.0000000e+000  1.0000000e+000  0.0000000e+000  0.0000000e+000  1.0000000e+000  2.9624114e+003  1.9335484e+003  1.0344086e+003
  0.0000000e+000  2.2000000e+001  9.0000000e+000  1.0000000e+000  0.0000000e+000  0.0000000e+000  1.0000000e+000  3.1348269e+003  4.3451129e+003  1.3299539e+004
  0.0000000e+000  2.3000000e+001  1.5000000e+001  0.0000000e+000  0.0000000e+000  1.0000000e+000  0.0000000e+000  3.3209572e+003  2.5064516e+003  9.9746544e+003
  0.0000000e+000  1.9000000e+001  6.0000000e+000  1.0000000e+000  0.0000000e+000  0.0000000e+000  1.0000000e+000  3.5266802e+003  0.0000000e+000  0.0000000e+000
  0.0000000e+000  2.7000000e+001  1.5000000e+001  0.0000000e+000  0.0000000e+000  1.0000000e+000  0.0000000e+000  3.7226069e+003  4.6548387e+003  1.9210445e+004
  0.0000000e+000  2.7000000e+001  1.2000000e+001  1.0000000e+000  0.0000000e+000  1.0000000e+000  0.0000000e+000  3.9185336e+003  1.9944194e+003  1.7732719e+004
  0.0000000e+000  4.3000000e+001  1.0000000e+001  1.0000000e+000  0.0000000e+000  1.0000000e+000  1.0000000e+000  3.9185336e+003  2.1483871e+003  0.0000000e+000
  0.0000000e+000  2.0000000e+001  1.2000000e+001  0.0000000e+000  0.0000000e+000  0.0000000e+000  0.0000000e+000  4.8119593e+003  7.1612903e+002  0.0000000e+000
  0.0000000e+000  5.2000000e+001  1.2000000e+001  0.0000000e+000  0.0000000e+000  1.0000000e+000  0.0000000e+000  4.8981670e+003  0.0000000e+000  0.0000000e+000
  0.0000000e+000  2.4000000e+001  1.1000000e+001  1.0000000e+000  0.0000000e+000  1.0000000e+000  1.0000000e+000  5.4271690e+003  0.0000000e+000  1.3299539e+003
  0.0000000e+000  3.8000000e+001  1.0000000e+001  1.0000000e+000  0.0000000e+000  1.0000000e+000  1.0000000e+000  5.8778004e+003  0.0000000e+000  0.0000000e+000
  0.0000000e+000  2.4000000e+001  9.0000000e+000  1.0000000e+000  0.0000000e+000  0.0000000e+000  1.0000000e+000  5.8778004e+003  5.3709677e+003  1.3299539e+004
  0.0000000e+000  3.2000000e+001  1.1000000e+001  1.0000000e+000  0.0000000e+000  1.0000000e+000  1.0000000e+000  6.5243585e+003  0.0000000e+000  9.3096774e+002
  0.0000000e+000  2.2000000e+001  1.3000000e+001  0.0000000e+000  0.0000000e+000  0.0000000e+000  0.0000000e+000  6.8574338e+003  6.2661290e+003  1.7363287e+004
  0.0000000e+000  2.1000000e+001  1.4000000e+001  0.0000000e+000  0.0000000e+000  1.0000000e+000  0.0000000e+000  6.9749898e+003  1.1407935e+004  1.7141628e+004
  0.0000000e+000  2.9000000e+001  1.0000000e+001  0.0000000e+000  0.0000000e+000  1.0000000e+000  1.0000000e+000  7.3472505e+003  0.0000000e+000  0.0000000e+000
  0.0000000e+000  5.4000000e+001  1.2000000e+001  0.0000000e+000  0.0000000e+000  1.0000000e+000  0.0000000e+000  7.4452138e+003  0.0000000e+000  0.0000000e+000
  0.0000000e+000  3.3000000e+001  1.3000000e+001  0.0000000e+000  0.0000000e+000  0.0000000e+000  0.0000000e+000  7.8370672e+003  3.5806452e+003  1.6254992e+004
  0.0000000e+000  2.7000000e+001  1.1000000e+001  1.0000000e+000  0.0000000e+000  1.0000000e+000  1.0000000e+000  7.8370672e+003  5.3709677e+003  7.3886329e+003
  0.0000000e+000  2.1000000e+001  1.1000000e+001  1.0000000e+000  0.0000000e+000  1.0000000e+000  1.0000000e+000  8.0329939e+003  4.8481935e+003  8.5708141e+003
  0.0000000e+000  5.4000000e+001  6.0000000e+000  1.0000000e+000  0.0000000e+000  1.0000000e+000  1.0000000e+000  8.3543136e+003  0.0000000e+000  0.0000000e+000
  0.0000000e+000  2.3000000e+001  9.0000000e+000  0.0000000e+000  0.0000000e+000  1.0000000e+000  1.0000000e+000  9.0126273e+003  0.0000000e+000  1.4777266e+004
  0.0000000e+000  2.4000000e+001  1.2000000e+001  0.0000000e+000  0.0000000e+000  1.0000000e+000  0.0000000e+000  9.3711731e+003  2.8645161e+003  2.2165899e+003
  0.0000000e+000  2.0000000e+001  1.3000000e+001  0.0000000e+000  1.0000000e+000  0.0000000e+000  0.0000000e+000  9.4044807e+003  0.0000000e+000  8.2752688e+003
  0.0000000e+000  2.6000000e+001  1.2000000e+001  0.0000000e+000  0.0000000e+000  1.0000000e+000  0.0000000e+000  9.5612220e+003  0.0000000e+000  1.3299539e+004
  0.0000000e+000  2.7000000e+001  1.2000000e+001  1.0000000e+000  0.0000000e+000  1.0000000e+000  0.0000000e+000  9.7963340e+003  0.0000000e+000  1.1821813e+004
  0.0000000e+000  2.9000000e+001  1.2000000e+001  1.0000000e+000  0.0000000e+000  1.0000000e+000  0.0000000e+000  9.7963340e+003  1.2532258e+004  1.9210445e+004
  0.0000000e+000  3.2000000e+001  1.0000000e+001  1.0000000e+000  0.0000000e+000  0.0000000e+000  1.0000000e+000  1.0188187e+004  8.9516129e+003  0.0000000e+000
  0.0000000e+000  4.7000000e+001  8.0000000e+000  0.0000000e+000  1.0000000e+000  1.0000000e+000  1.0000000e+000  1.0286151e+004  7.1612903e+003  1.4777266e+003
  0.0000000e+000  2.6000000e+001  1.2000000e+001  1.0000000e+000  0.0000000e+000  1.0000000e+000  0.0000000e+000  1.1167821e+004  1.0741935e+003  8.8663594e+003
  0.0000000e+000  4.3000000e+001  1.2000000e+001  0.0000000e+000  0.0000000e+000  1.0000000e+000  0.0000000e+000  1.1755601e+004  0.0000000e+000  2.9554531e+002
  0.0000000e+000  3.4000000e+001  1.1000000e+001  1.0000000e+000  0.0000000e+000  0.0000000e+000  1.0000000e+000  1.1755601e+004  2.1483871e+003  1.5516129e+004
  0.0000000e+000  5.3000000e+001  1.2000000e+001  0.0000000e+000  0.0000000e+000  1.0000000e+000  0.0000000e+000  1.1755601e+004  9.8933226e+003  5.1720430e+003
  0.0000000e+000  4.2000000e+001  1.3000000e+001  0.0000000e+000  0.0000000e+000  1.0000000e+000  0.0000000e+000  1.3701153e+004  0.0000000e+000  3.3987711e+004
  0.0000000e+000  2.2000000e+001  1.2000000e+001  1.0000000e+000  0.0000000e+000  1.0000000e+000  0.0000000e+000  1.3714868e+004  0.0000000e+000  6.6497696e+002
  0.0000000e+000  4.7000000e+001  1.2000000e+001  0.0000000e+000  0.0000000e+000  1.0000000e+000  0.0000000e+000  1.3714868e+004  0.0000000e+000  1.2560676e+004
  0.0000000e+000  2.6000000e+001  1.2000000e+001  0.0000000e+000  0.0000000e+000  1.0000000e+000  0.0000000e+000  1.3714868e+004  7.1612903e+002  2.2904762e+004
  0.0000000e+000  5.3000000e+001  5.0000000e+000  1.0000000e+000  0.0000000e+000  1.0000000e+000  1.0000000e+000  1.4008758e+004  2.6604194e+003  1.1082949e+004
  0.0000000e+000  5.4000000e+001  8.0000000e+000  0.0000000e+000  1.0000000e+000  1.0000000e+000  1.0000000e+000  1.4302648e+004  0.0000000e+000  8.8663594e+003
  0.0000000e+000  5.4000000e+001  8.0000000e+000  0.0000000e+000  1.0000000e+000  1.0000000e+000  1.0000000e+000  1.4302648e+004  0.0000000e+000  8.8663594e+003
  0.0000000e+000  3.7000000e+001  1.3000000e+001  0.0000000e+000  0.0000000e+000  1.0000000e+000  0.0000000e+000  1.4694501e+004  8.9516129e+003  1.7732719e+004
  0.0000000e+000  4.9000000e+001  8.0000000e+000  0.0000000e+000  1.0000000e+000  0.0000000e+000  1.0000000e+000  1.5674134e+004  1.0741935e+003  0.0000000e+000
  0.0000000e+000  2.1000000e+001  1.3000000e+001  0.0000000e+000  0.0000000e+000  0.0000000e+000  0.0000000e+000  1.5674134e+004  4.9466613e+003  1.7333733e+003
  0.0000000e+000  1.8000000e+001  1.0000000e+001  0.0000000e+000  1.0000000e+000  1.0000000e+000  1.0000000e+000  1.5674134e+004  1.0741935e+004  2.0688172e+004
  0.0000000e+000  5.4000000e+001  1.2000000e+001  0.0000000e+000  0.0000000e+000  1.0000000e+000  0.0000000e+000  1.5674134e+004  2.5064516e+004  0.0000000e+000
  0.0000000e+000  5.4000000e+001  1.2000000e+001  0.0000000e+000  0.0000000e+000  1.0000000e+000  0.0000000e+000  1.5674134e+004  2.5064516e+004  0.0000000e+000
  0.0000000e+000  5.3000000e+001  4.0000000e+000  1.0000000e+000  0.0000000e+000  1.0000000e+000  1.0000000e+000  1.6142399e+004  9.8467742e+002  0.0000000e+000
  0.0000000e+000  4.5000000e+001  4.0000000e+000  0.0000000e+000  1.0000000e+000  1.0000000e+000  1.0000000e+000  1.6261914e+004  2.8108065e+004  2.8076805e+004
  0.0000000e+000  2.5000000e+001  1.2000000e+001  0.0000000e+000  0.0000000e+000  1.0000000e+000  0.0000000e+000  1.6653768e+004  1.2181355e+004  1.7732719e+004
  0.0000000e+000  4.6000000e+001  1.0000000e+001  0.0000000e+000  1.0000000e+000  1.0000000e+000  1.0000000e+000  1.7633401e+004  1.0741935e+004  5.9109063e+003
  0.0000000e+000  2.6000000e+001  1.2000000e+001  0.0000000e+000  1.0000000e+000  1.0000000e+000  0.0000000e+000  1.9055829e+004  0.0000000e+000  1.3299539e+004
  0.0000000e+000  2.1000000e+001  1.2000000e+001  1.0000000e+000  0.0000000e+000  0.0000000e+000  0.0000000e+000  1.9592668e+004  7.1612903e+002  2.2165899e+004
  0.0000000e+000  4.8000000e+001  1.0000000e+001  0.0000000e+000  0.0000000e+000  1.0000000e+000  1.0000000e+000  2.3511202e+004  2.8645161e+003  0.0000000e+000
  0.0000000e+000  4.6000000e+001  1.2000000e+001  0.0000000e+000  0.0000000e+000  0.0000000e+000  0.0000000e+000  2.3918729e+004  1.2532258e+004  0.0000000e+000
  0.0000000e+000  2.6000000e+001  1.6000000e+001  0.0000000e+000  0.0000000e+000  0.0000000e+000  0.0000000e+000  2.4490835e+004  2.7750000e+004  9.6052227e+003
  0.0000000e+000  4.8000000e+001  8.0000000e+000  0.0000000e+000  0.0000000e+000  1.0000000e+000  1.0000000e+000  2.5470468e+004  0.0000000e+000  1.3299539e+004
  0.0000000e+000  5.0000000e+001  1.2000000e+001  0.0000000e+000  0.0000000e+000  1.0000000e+000  0.0000000e+000  2.6254175e+004  0.0000000e+000  0.0000000e+000
  0.0000000e+000  4.1000000e+001  1.3000000e+001  0.0000000e+000  0.0000000e+000  0.0000000e+000  0.0000000e+000  2.9389002e+004  0.0000000e+000  3.0293395e+004
