  0.0000000e+000  4.4000000e+001  1.3000000e+001  0.0000000e+000  0.0000000e+000  1.0000000e+000  0.0000000e+000  0.0000000e+000  0.0000000e+000  0.0000000e+000
  0.0000000e+000  3.4000000e+001  1.2000000e+001  0.0000000e+000  0.0000000e+000  1.0000000e+000  0.0000000e+000  0.0000000e+000  0.0000000e+000  0.0000000e+000
  0.0000000e+000  4.6000000e+001  6.0000000e+000  1.0000000e+000  0.0000000e+000  1.0000000e+000  1.0000000e+000  0.0000000e+000  0.0000000e+000  0.0000000e+000
  0.0000000e+000  4.5000000e+001  7.0000000e+000  1.0000000e+000  0.0000000e+000  1.0000000e+000  1.0000000e+000  0.0000000e+000  0.0000000e+000  1.1821813e+004
  0.0000000e+000  4.5000000e+001  9.0000000e+000  1.0000000e+000  0.0000000e+000  1.0000000e+000  1.0000000e+000  0.0000000e+000  0.0000000e+000  0.0000000e+000
  0.0000000e+000  4.9000000e+001  1.4000000e+001  0.0000000e+000  0.0000000e+000  1.0000000e+000  0.0000000e+000  0.0000000e+000  0.0000000e+000  0.0000000e+000
  0.0000000e+000  5.3000000e+001  6.0000000e+000  0.0000000e+000  0.0000000e+000  1.0000000e+000  1.0000000e+000  0.0000000e+000  0.0000000e+000  0.0000000e+000
  0.0000000e+000  4.7000000e+001  1.2000000e+001  0.0000000e+000  0.0000000e+000  0.0000000e+000  0.0000000e+000  0.0000000e+000  0.0000000e+000  0.0000000e+000
  0.0000000e+000  4.7000000e+001  8.0000000e+000  0.0000000e+000  0.0000000e+000  0.0000000e+000  1.0000000e+000  0.0000000e+000  0.0000000e+000  0.0000000e+000
  0.0000000e+000  5.2000000e+001  8.0000000e+000  0.0000000e+000  0.0000000e+000  1.0000000e+000  1.0000000e+000  0.0000000e+000  0.0000000e+000  0.0000000e+000
  0.0000000e+000  4.0000000e+001  1.0000000e+001  0.0000000e+000  1.0000000e+000  1.0000000e+000  1.0000000e+000  0.0000000e+000  0.0000000e+000  0.0000000e+000
  0.0000000e+000  5.5000000e+001  1.4000000e+001  0.0000000e+000  0.0000000e+000  1.0000000e+000  0.0000000e+000  0.0000000e+000  0.0000000e+000  0.0000000e+000
  0.0000000e+000  5.4000000e+001  3.0000000e+000  1.0000000e+000  0.0000000e+000  0.0000000e+000  1.0000000e+000  0.0000000e+000  0.0000000e+000  2.2165899e+002
  0.0000000e+000  5.0000000e+001  1.2000000e+001  1.0000000e+000  0.0000000e+000  1.0000000e+000  0.0000000e+000  0.0000000e+000  0.0000000e+000  0.0000000e+000
  0.0000000e+000  5.2000000e+001  1.2000000e+001  0.0000000e+000  0.0000000e+000  1.0000000e+000  0.0000000e+000  0.0000000e+000  0.0000000e+000  0.0000000e+000
  0.0000000e+000  2.5000000e+001  1.1000000e+001  1.0000000e+000  0.0000000e+000  0.0000000e+000  1.0000000e+000  0.0000000e+000  0.0000000e+000  3.6943164e+003
  0.0000000e+000  4.6000000e+001  9.0000000e+000  0.0000000e+000  1.0000000e+000  1.0000000e+000  1.0000000e+000  0.0000000e+000  0.0000000e+000  0.0000000e+000
  0.0000000e+000  4.8000000e+001  9.0000000e+000  0.0000000e+000  0.0000000e+000  1.0000000e+000  1.0000000e+000  0.0000000e+000  0.0000000e+000  0.0000000e+000
  0.0000000e+000  4.4000000e+001  1.2000000e+001  0.0000000e+000  0.0000000e+000  0.0000000e+000  0.0000000e+000  0.0000000e+000  0.0000000e+000  0.0000000e+000
  0.0000000e+000  2.6000000e+001  1.7000000e+001  0.0000000e+000  0.0000000e+000  1.0000000e+000  0.0000000e+000  0.0000000e+000  0.0000000e+000  1.1821813e+004
  0.0000000e+000  5.1000000e+001  5.0000000e+000  1.0000000e+000  0.0000000e+000  0.0000000e+000  1.0000000e+000  0.0000000e+000  0.0000000e+000  0.0000000e+000
  0.0000000e+000  3.4000000e+001  1.6000000e+001  0.0000000e+000  0.0000000e+000  1.0000000e+000  0.0000000e+000  0.0000000e+000  0.0000000e+000  1.1821813e+004
  0.0000000e+000  4.1000000e+001  6.0000000e+000  1.0000000e+000  0.0000000e+000  1.0000000e+000  1.0000000e+000  0.0000000e+000  0.0000000e+000  0.0000000e+000
  0.0000000e+000  5.5000000e+001  8.0000000e+000  1.0000000e+000  0.0000000e+000  1.0000000e+000  1.0000000e+000  0.0000000e+000  0.0000000e+000  0.0000000e+000
  0.0000000e+000  4.6000000e+001  9.0000000e+000  0.0000000e+000  1.0000000e+000  1.0000000e+000  1.0000000e+000  0.0000000e+000  0.0000000e+000  0.0000000e+000
  0.0000000e+000  5.5000000e+001  8.0000000e+000  0.0000000e+000  0.0000000e+000  1.0000000e+000  1.0000000e+000  0.0000000e+000  0.0000000e+000  0.0000000e+000
  0.0000000e+000  3.4000000e+001  1.4000000e+001  1.0000000e+000  0.0000000e+000  1.0000000e+000  0.0000000e+000  0.0000000e+000  0.0000000e+000  0.0000000e+000
  0.0000000e+000  2.8000000e+001  1.2000000e+001  1.0000000e+000  0.0000000e+000  1.0000000e+000  0.0000000e+000  0.0000000e+000  0.0000000e+000  0.0000000e+000
  0.0000000e+000  5.4000000e+001  1.2000000e+001  0.0000000e+000  0.0000000e+000  1.0000000e+000  0.0000000e+000  0.0000000e+000  0.0000000e+000  0.0000000e+000
  0.0000000e+000  5.3000000e+001  7.0000000e+000  0.0000000e+000  1.0000000e+000  0.0000000e+000  1.0000000e+000  0.0000000e+000  0.0000000e+000  0.0000000e+000
  0.0000000e+000  5.4000000e+001  1.0000000e+001  1.0000000e+000  0.0000000e+000  1.0000000e+000  1.0000000e+000  0.0000000e+000  0.0000000e+000  0.0000000e+000
  0.0000000e+000  5.5000000e+001  1.2000000e+001  0.0000000e+000  1.0000000e+000  1.0000000e+000  0.0000000e+000  0.0000000e+000  0.0000000e+000  0.0000000e+000
  0.0000000e+000  5.3000000e+001  8.0000000e+000  1.0000000e+000  0.0000000e+000  1.0000000e+000  1.0000000e+000  0.0000000e+000  0.0000000e+000  0.0000000e+000
  0.0000000e+000  4.7000000e+001  1.2000000e+001  0.0000000e+000  0.0000000e+000  1.0000000e+000  0.0000000e+000  0.0000000e+000  0.0000000e+000  0.0000000e+000
  0.0000000e+000  5.5000000e+001  1.3000000e+001  0.0000000e+000  1.0000000e+000  1.0000000e+000  0.0000000e+000  0.0000000e+000  0.0000000e+000  0.0000000e+000
  0.0000000e+000  4.1000000e+001  8.0000000e+000  0.0000000e+000  0.0000000e+000  1.0000000e+000  1.0000000e+000  0.0000000e+000  0.0000000e+000  0.0000000e+000
  0.0000000e+000  4.5000000e+001  9.0000000e+000  1.0000000e+000  0.0000000e+000  1.0000000e+000  1.0000000e+000  0.0000000e+000  0.0000000e+000  0.0000000e+000
  0.0000000e+000  5.4000000e+001  3.0000000e+000  1.0000000e+000  0.0000000e+000  1.0000000e+000  1.0000000e+000  0.0000000e+000  0.0000000e+000  0.0000000e+000
  0.0000000e+000  5.4000000e+001  9.0000000e+000  0.0000000e+000  0.0000000e+000  1.0000000e+000  1.0000000e+000  0.0000000e+000  0.0000000e+000  0.0000000e+000
  0.0000000e+000  5.4000000e+001  1.0000000e+001  1.0000000e+000  0.0000000e+000  1.0000000e+000  1.0000000e+000  0.0000000e+000  0.0000000e+000  0.0000000e+000
  0.0000000e+000  5.3000000e+001  4.0000000e+000  1.0000000e+000  0.0000000e+000  0.0000000e+000  1.0000000e+000  0.0000000e+000  0.0000000e+000  0.0000000e+000
  0.0000000e+000  2.5000000e+001  1.2000000e+001  1.0000000e+000  0.0000000e+000  0.0000000e+000  0.0000000e+000  0.0000000e+000  0.0000000e+000  0.0000000e+000
  0.0000000e+000  5.4000000e+001  3.0000000e+000  1.0000000e+000  0.0000000e+000  1.0000000e+000  1.0000000e+000  0.0000000e+000  0.0000000e+000  0.0000000e+000
  0.0000000e+000  5.4000000e+001  3.0000000e+000  1.0000000e+000  0.0000000e+000  1.0000000e+000  1.0000000e+000  0.0000000e+000  0.0000000e+000  0.0000000e+000
  0.0000000e+000  4.4000000e+001  1.2000000e+001  0.0000000e+000  0.0000000e+000  1.0000000e+000  0.0000000e+000  0.0000000e+000  0.0000000e+000  0.0000000e+000
  0.0000000e+000  5.1000000e+001  4.0000000e+000  1.0000000e+000  0.0000000e+000  1.0000000e+000  1.0000000e+000  0.0000000e+000  0.0000000e+000  0.0000000e+000
  0.0000000e+000  4.5000000e+001  8.0000000e+000  0.0000000e+000  0.0000000e+000  1.0000000e+000  1.0000000e+000  0.0000000e+000  0.0000000e+000  0.0000000e+000
  0.0000000e+000  4.1000000e+001  1.1000000e+001  0.0000000e+000  0.0000000e+000  1.0000000e+000  1.0000000e+000  0.0000000e+000  0.0000000e+000  1.4481720e+004
  0.0000000e+000  2.3000000e+001  1.1000000e+001  1.0000000e+000  0.0000000e+000  0.0000000e+000  1.0000000e+000  0.0000000e+000  0.0000000e+000  0.0000000e+000
  0.0000000e+000  5.0000000e+001  1.2000000e+001  1.0000000e+000  0.0000000e+000  1.0000000e+000  0.0000000e+000  0.0000000e+000  0.0000000e+000  0.0000000e+000
  0.0000000e+000  2.3000000e+001  1.1000000e+001  1.0000000e+000  0.0000000e+000  0.0000000e+000  1.0000000e+000  0.0000000e+000  0.0000000e+000  0.0000000e+000
  0.0000000e+000  2.3000000e+001  1.2000000e+001  1.0000000e+000  0.0000000e+000  0.0000000e+000  0.0000000e+000  0.0000000e+000  0.0000000e+000  4.7287250e+003
  0.0000000e+000  2.1000000e+001  1.3000000e+001  0.0000000e+000  0.0000000e+000  0.0000000e+000  0.0000000e+000  0.0000000e+000  6.9285484e+002  2.6599078e+003
  0.0000000e+000  2.1000000e+001  1.5000000e+001  0.0000000e+000  0.0000000e+000  0.0000000e+000  0.0000000e+000  0.0000000e+000  3.2225806e+003  1.4777266e+004
  0.0000000e+000  2.3000000e+001  1.4000000e+001  0.0000000e+000  0.0000000e+000  0.0000000e+000  0.0000000e+000  0.0000000e+000  3.4016129e+003  5.3198157e+003
  0.0000000e+000  2.7000000e+001  1.7000000e+001  0.0000000e+000  0.0000000e+000  0.0000000e+000  0.0000000e+000  0.0000000e+000  6.0870968e+003  7.3886329e+003
  0.0000000e+000  2.1000000e+001  1.1000000e+001  1.0000000e+000  0.0000000e+000  0.0000000e+000  1.0000000e+000  0.0000000e+000  9.8467742e+003  5.6153610e+003
  0.0000000e+000  2.5000000e+001  1.2000000e+001  1.0000000e+000  0.0000000e+000  1.0000000e+000  0.0000000e+000  0.0000000e+000  2.1483871e+004  1.2206022e+003
  0.0000000e+000  4.3000000e+001  3.0000000e+000  1.0000000e+000  0.0000000e+000  1.0000000e+000  1.0000000e+000  1.7633401e+001  0.0000000e+000  0.0000000e+000
  0.0000000e+000  5.2000000e+001  6.0000000e+000  1.0000000e+000  0.0000000e+000  1.0000000e+000  1.0000000e+000  2.3511202e+002  1.2460645e+003  1.4777266e+003
  0.0000000e+000  5.4000000e+001  8.0000000e+000  0.0000000e+000  0.0000000e+000  1.0000000e+000  1.0000000e+000  2.9389002e+002  5.3709677e+002  2.9554531e+002
  0.0000000e+000  5.2000000e+001  7.0000000e+000  1.0000000e+000  0.0000000e+000  0.0000000e+000  1.0000000e+000  2.9389002e+002  5.0129032e+003  0.0000000e+000
  0.0000000e+000  2.4000000e+001  1.2000000e+001  1.0000000e+000  0.0000000e+000  0.0000000e+000  0.0000000e+000  7.8370672e+002  0.0000000e+000  1.0344086e+004
  0.0000000e+000  2.2000000e+001  1.3000000e+001  0.0000000e+000  0.0000000e+000  0.0000000e+000  0.0000000e+000  7.8370672e+002  0.0000000e+000  2.3052535e+003
  0.0000000e+000  2.6000000e+001  1.5000000e+001  0.0000000e+000  0.0000000e+000  0.0000000e+000  0.0000000e+000  9.7963340e+002  1.8798387e+003  3.2509985e+003
  0.0000000e+000  2.3000000e+001  1.2000000e+001  1.0000000e+000  0.0000000e+000  0.0000000e+000  0.0000000e+000  1.0775967e+003  3.2225806e+003  5.9109063e+003
  0.0000000e+000  2.2000000e+001  1.2000000e+001  1.0000000e+000  0.0000000e+000  1.0000000e+000  0.0000000e+000  1.2696049e+003  0.0000000e+000  0.0000000e+000
  0.0000000e+000  2.4000000e+001  1.7000000e+001  0.0000000e+000  0.0000000e+000  1.0000000e+000  0.0000000e+000  1.3714868e+003  0.0000000e+000  2.4825806e+004
  0.0000000e+000  2.0000000e+001  1.0000000e+001  0.0000000e+000  0.0000000e+000  0.0000000e+000  1.0000000e+000  1.3812831e+003  3.5233548e+003  9.3096774e+003
  0.0000000e+000  3.1000000e+001  6.0000000e+000  1.0000000e+000  0.0000000e+000  0.0000000e+000  1.0000000e+000  1.4106721e+003  5.5500000e+002  1.6059932e+004
  0.0000000e+000  2.7000000e+001  1.6000000e+001  0.0000000e+000  0.0000000e+000  1.0000000e+000  0.0000000e+000  1.4694501e+003  1.2532258e+003  4.3637266e+003
  0.0000000e+000  2.3000000e+001  1.0000000e+001  1.0000000e+000  0.0000000e+000  0.0000000e+000  1.0000000e+000  1.4694501e+003  5.3709677e+003  0.0000000e+000
  0.0000000e+000  1.9000000e+001  1.1000000e+001  1.0000000e+000  0.0000000e+000  0.0000000e+000  1.0000000e+000  1.5674134e+003  0.0000000e+000  0.0000000e+000
  0.0000000e+000  3.5000000e+001  9.0000000e+000  1.0000000e+000  0.0000000e+000  0.0000000e+000  1.0000000e+000  1.5674134e+003  5.3709677e+003  5.9109063e+003
  0.0000000e+000  2.1000000e+001  1.5000000e+001  0.0000000e+000  0.0000000e+000  0.0000000e+000  0.0000000e+000  1.7633401e+003  9.6677419e+003  4.1376344e+003
  0.0000000e+000  2.1000000e+001  1.2000000e+001  1.0000000e+000  0.0000000e+000  0.0000000e+000  0.0000000e+000  1.9592668e+003  5.4604839e+003  1.1526267e+003
  0.0000000e+000  2.2000000e+001  1.2000000e+001  1.0000000e+000  0.0000000e+000  1.0000000e+000  0.0000000e+000  2.0062892e+003  2.4706452e+003  0.0000000e+000
  0.0000000e+000  2.3000000e+001  1.3000000e+001  0.0000000e+000  0.0000000e+000  1.0000000e+000  0.0000000e+000  2.1551935e+003  5.3709677e+003  1.1378495e+004
  0.0000000e+000  2.0000000e+001  1.2000000e+001  1.0000000e+000  0.0000000e+000  0.0000000e+000  0.0000000e+000  2.3511202e+003  4.4758065e+003  1.7732719e+004
  0.0000000e+000  1.9000000e+001  1.4000000e+001  0.0000000e+000  0.0000000e+000  0.0000000e+000  0.0000000e+000  2.9389002e+003  3.2225806e+003  0.0000000e+000
  0.0000000e+000  5.5000000e+001  7.0000000e+000  0.0000000e+000  0.0000000e+000  0.0000000e+000  1.0000000e+000  2.9389002e+003  8.3429032e+003  0.0000000e+000
  0.0000000e+000  4.0000000e+001  4.0000000e+000  1.0000000e+000  0.0000000e+000  0.0000000e+000  1.0000000e+000  2.9624114e+003  1.9335484e+003  1.0344086e+003
  0.0000000e+000  5.2000000e+001  0.0000000e+000  0.0000000e+000  0.0000000e+000  1.0000000e+000  1.0000000e+000  3.1348269e+003  0.0000000e+000  2.9554531e+002
  0.0000000e+000  2.2000000e+001  9.0000000e+000  1.0000000e+000  0.0000000e+000  0.0000000e+000  1.0000000e+000  3.1348269e+003  4.3451129e+003  1.3299539e+004
  0.0000000e+000  2.4000000e+001  1.0000000e+001  1.0000000e+000  0.0000000e+000  0.0000000e+000  1.0000000e+000  3.1524603e+003  3.9029032e+003  7.4477419e+003
  0.0000000e+000  2.3000000e+001  1.5000000e+001  0.0000000e+000  0.0000000e+000  1.0000000e+000  0.0000000e+000  3.3209572e+003  2.5064516e+003  9.9746544e+003
  0.0000000e+000  1.9000000e+001  6.0000000e+000  1.0000000e+000  0.0000000e+000  0.0000000e+000  1.0000000e+000  3.5266802e+003  0.0000000e+000  0.0000000e+000
  0.0000000e+000  2.7000000e+001  1.5000000e+001  0.0000000e+000  0.0000000e+000  1.0000000e+000  0.0000000e+000  3.7226069e+003  4.6548387e+003  1.9210445e+004
  0.0000000e+000  2.7000000e+001  1.2000000e+001  1.0000000e+000  0.0000000e+000  1.0000000e+000  0.0000000e+000  3.9185336e+003  1.9944194e+003  1.7732719e+004
  0.0000000e+000  4.3000000e+001  1.0000000e+001  1.0000000e+000  0.0000000e+000  1.0000000e+000  1.0000000e+000  3.9185336e+003  2.1483871e+003  0.0000000e+000
  0.0000000e+000  3.0000000e+001  6.0000000e+000  1.0000000e+000  0.0000000e+000  1.0000000e+000  1.0000000e+000  3.9185336e+003  3.4016129e+003  4.4331797e+003
  0.0000000e+000  2.7000000e+001  1.5000000e+001  0.0000000e+000  0.0000000e+000  1.0000000e+000  0.0000000e+000  4.7022403e+003  0.0000000e+000  0.0000000e+000
  0.0000000e+000  1.9000000e+001  1.0000000e+001  1.0000000e+000  0.0000000e+000  0.0000000e+000  1.0000000e+000  4.7022403e+003  3.4374194e+003  2.3643625e+003
  0.0000000e+000  2.0000000e+001  1.2000000e+001  0.0000000e+000  0.0000000e+000  0.0000000e+000  0.0000000e+000  4.8119593e+003  7.1612903e+002  0.0000000e+000
  0.0000000e+000  5.2000000e+001  1.2000000e+001  0.0000000e+000  0.0000000e+000  1.0000000e+000  0.0000000e+000  4.8981670e+003  0.0000000e+000  0.0000000e+000
  0.0000000e+000  4.4000000e+001  1.1000000e+001  1.0000000e+000  0.0000000e+000  0.0000000e+000  1.0000000e+000  5.1724644e+003  6.2661290e+003  0.0000000e+000
  0.0000000e+000  2.4000000e+001  1.1000000e+001  1.0000000e+000  0.0000000e+000  1.0000000e+000  1.0000000e+000  5.4271690e+003  0.0000000e+000  1.3299539e+003
  0.0000000e+000  3.8000000e+001  1.0000000e+001  1.0000000e+000  0.0000000e+000  1.0000000e+000  1.0000000e+000  5.8778004e+003  0.0000000e+000  0.0000000e+000
  0.0000000e+000  2.4000000e+001  1.6000000e+001  0.0000000e+000  0.0000000e+000  1.0000000e+000  0.0000000e+000  5.8778004e+003  4.8338710e+003  3.3987711e+004
  0.0000000e+000  2.4000000e+001  9.0000000e+000  1.0000000e+000  0.0000000e+000  0.0000000e+000  1.0000000e+000  5.8778004e+003  5.3709677e+003  1.3299539e+004
  0.0000000e+000  3.2000000e+001  1.1000000e+001  1.0000000e+000  0.0000000e+000  1.0000000e+000  1.0000000e+000  6.5243585e+003  0.0000000e+000  9.3096774e+002
  0.0000000e+000  2.2000000e+001  1.3000000e+001  0.0000000e+000  0.0000000e+000  0.0000000e+000  0.0000000e+000  6.8574338e+003  6.2661290e+003  1.7363287e+004
  0.0000000e+000  4.5000000e+001  8.0000000e+000  1.0000000e+000  0.0000000e+000  1.0000000e+000  1.0000000e+000  6.8574338e+003  9.5370484e+003  9.4086851e+003
  0.0000000e+000  2.1000000e+001  1.4000000e+001  0.0000000e+000  0.0000000e+000  1.0000000e+000  0.0000000e+000  6.9749898e+003  1.1407935e+004  1.7141628e+004
  0.0000000e+000  2.9000000e+001  1.0000000e+001  0.0000000e+000  0.0000000e+000  1.0000000e+000  1.0000000e+000  7.3472505e+003  0.0000000e+000  0.0000000e+000
  0.0000000e+000  5.4000000e+001  1.2000000e+001  0.0000000e+000  0.0000000e+000  1.0000000e+000  0.0000000e+000  7.4452138e+003  0.0000000e+000  0.0000000e+000
  0.0000000e+000  3.3000000e+001  1.3000000e+001  0.0000000e+000  0.0000000e+000  0.0000000e+000  0.0000000e+000  7.8370672e+003  3.5806452e+003  1.6254992e+004
  0.0000000e+000  2.8000000e+001  1.2000000e+001  0.0000000e+000  0.0000000e+000  1.0000000e+000  0.0000000e+000  7.8370672e+003  4.4758065e+003  1.5663902e+004
  0.0000000e+000  2.2000000e+001  1.1000000e+001  1.0000000e+000  0.0000000e+000  1.0000000e+000  1.0000000e+000  7.8370672e+003  5.0129032e+003  3.6943164e+003
  0.0000000e+000  2.7000000e+001  1.1000000e+001  1.0000000e+000  0.0000000e+000  1.0000000e+000  1.0000000e+000  7.8370672e+003  5.3709677e+003  7.3886329e+003
  0.0000000e+000  1.9000000e+001  1.2000000e+001  0.0000000e+000  1.0000000e+000  1.0000000e+000  0.0000000e+000  7.8370672e+003  1.2532258e+004  1.3299539e+004
  0.0000000e+000  2.2000000e+001  1.1000000e+001  0.0000000e+000  0.0000000e+000  1.0000000e+000  1.0000000e+000  7.8370672e+003  1.3964516e+004  1.5072811e+004
  0.0000000e+000  2.1000000e+001  1.1000000e+001  1.0000000e+000  0.0000000e+000  1.0000000e+000  1.0000000e+000  8.0329939e+003  4.8481935e+003  8.5708141e+003
  0.0000000e+000  2.4000000e+001  1.2000000e+001  1.0000000e+000  0.0000000e+000  1.0000000e+000  0.0000000e+000  8.2759430e+003  1.5416468e+004  8.3358556e+003
  0.0000000e+000  5.4000000e+001  6.0000000e+000  1.0000000e+000  0.0000000e+000  1.0000000e+000  1.0000000e+000  8.3543136e+003  0.0000000e+000  0.0000000e+000
  0.0000000e+000  2.9000000e+001  1.2000000e+001  0.0000000e+000  0.0000000e+000  1.0000000e+000  0.0000000e+000  8.3895804e+003  5.9080645e+003  1.4481720e+004
  0.0000000e+000  2.2000000e+001  1.2000000e+001  0.0000000e+000  0.0000000e+000  1.0000000e+000  0.0000000e+000  8.8167006e+003  9.9398710e+003  1.5486575e+004
  0.0000000e+000  2.3000000e+001  9.0000000e+000  0.0000000e+000  0.0000000e+000  1.0000000e+000  1.0000000e+000  9.0126273e+003  0.0000000e+000  1.4777266e+004
  0.0000000e+000  2.4000000e+001  1.2000000e+001  0.0000000e+000  0.0000000e+000  1.0000000e+000  0.0000000e+000  9.3711731e+003  2.8645161e+003  2.2165899e+003
  0.0000000e+000  2.0000000e+001  1.3000000e+001  0.0000000e+000  1.0000000e+000  0.0000000e+000  0.0000000e+000  9.4044807e+003  0.0000000e+000  8.2752688e+003
  0.0000000e+000  2.6000000e+001  1.2000000e+001  0.0000000e+000  0.0000000e+000  1.0000000e+000  0.0000000e+000  9.5612220e+003  0.0000000e+000  1.3299539e+004
  0.0000000e+000  2.7000000e+001  1.2000000e+001  1.0000000e+000  0.0000000e+000  1.0000000e+000  0.0000000e+000  9.7963340e+003  0.0000000e+000  1.1821813e+004
  0.0000000e+000  3.8000000e+001  7.0000000e+000  0.0000000e+000  0.0000000e+000  1.0000000e+000  1.0000000e+000  9.7963340e+003  5.3709677e+003  1.1821813e+004
  0.0000000e+000  3.3000000e+001  1.2000000e+001  1.0000000e+000  0.0000000e+000  0.0000000e+000  0.0000000e+000  9.7963340e+003  8.9516129e+003  0.0000000e+000
  0.0000000e+000  2.9000000e+001  1.2000000e+001  1.0000000e+000  0.0000000e+000  1.0000000e+000  0.0000000e+000  9.7963340e+003  1.2532258e+004  1.9210445e+004
  0.0000000e+000  2.3000000e+001  1.1000000e+001  1.0000000e+000  0.0000000e+000  1.0000000e+000  1.0000000e+000  9.9805051e+003  6.2661290e+003  1.0344086e+004
  0.0000000e+000  3.9000000e+001  1.1000000e+001  1.0000000e+000  0.0000000e+000  1.0000000e+000  1.0000000e+000  9.9922607e+003  1.1637097e+004  7.2600707e+003
  0.0000000e+000  2.2000000e+001  1.2000000e+001  0.0000000e+000  0.0000000e+000  0.0000000e+000  0.0000000e+000  9.9922607e+003  1.5754839e+004  1.9949309e+004
  0.0000000e+000  3.2000000e+001  1.0000000e+001  1.0000000e+000  0.0000000e+000  0.0000000e+000  1.0000000e+000  1.0188187e+004  8.9516129e+003  0.0000000e+000
  0.0000000e+000  4.7000000e+001  8.0000000e+000  0.0000000e+000  1.0000000e+000  1.0000000e+000  1.0000000e+000  1.0286151e+004  7.1612903e+003  1.4777266e+003
  0.0000000e+000  2.3000000e+001  1.6000000e+001  0.0000000e+000  0.0000000e+000  1.0000000e+000  0.0000000e+000  1.0384114e+004  2.6854839e+004  1.1821813e+004
  0.0000000e+000  3.1000000e+001  9.0000000e+000  1.0000000e+000  0.0000000e+000  1.0000000e+000  1.0000000e+000  1.0775967e+004  8.9516129e+003  5.9109063e+003
  0.0000000e+000  2.2000000e+001  1.1000000e+001  1.0000000e+000  0.0000000e+000  0.0000000e+000  1.0000000e+000  1.1069857e+004  5.1919355e+003  9.6052227e+003
  0.0000000e+000  2.6000000e+001  1.2000000e+001  1.0000000e+000  0.0000000e+000  1.0000000e+000  0.0000000e+000  1.1167821e+004  1.0741935e+003  8.8663594e+003
  0.0000000e+000  2.3000000e+001  1.2000000e+001  1.0000000e+000  0.0000000e+000  1.0000000e+000  0.0000000e+000  1.1167821e+004  7.8129677e+003  1.4777266e+004
  0.0000000e+000  3.1000000e+001  8.0000000e+000  0.0000000e+000  0.0000000e+000  1.0000000e+000  1.0000000e+000  1.1167821e+004  1.9335484e+004  2.0688172e+004
  0.0000000e+000  1.9000000e+001  1.2000000e+001  0.0000000e+000  0.0000000e+000  1.0000000e+000  0.0000000e+000  1.1201128e+004  1.4143548e+004  2.4338157e+004
  0.0000000e+000  3.7000000e+001  1.2000000e+001  0.0000000e+000  0.0000000e+000  1.0000000e+000  0.0000000e+000  1.1430363e+004  1.1372129e+004  8.8663594e+003
  0.0000000e+000  3.3000000e+001  6.0000000e+000  1.0000000e+000  0.0000000e+000  1.0000000e+000  1.0000000e+000  1.1739927e+004  5.9581935e+003  9.7884608e+003
  0.0000000e+000  4.3000000e+001  1.2000000e+001  0.0000000e+000  0.0000000e+000  1.0000000e+000  0.0000000e+000  1.1755601e+004  0.0000000e+000  2.9554531e+002
  0.0000000e+000  3.4000000e+001  1.1000000e+001  1.0000000e+000  0.0000000e+000  0.0000000e+000  1.0000000e+000  1.1755601e+004  2.1483871e+003  1.5516129e+004
  0.0000000e+000  2.8000000e+001  1.6000000e+001  0.0000000e+000  0.0000000e+000  0.0000000e+000  0.0000000e+000  1.1755601e+004  6.4451613e+003  0.0000000e+000
  0.0000000e+000  4.6000000e+001  1.0000000e+001  0.0000000e+000  0.0000000e+000  1.0000000e+000  1.0000000e+000  1.1755601e+004  7.1612903e+003  1.0166759e+004
  0.0000000e+000  2.5000000e+001  9.0000000e+000  1.0000000e+000  0.0000000e+000  0.0000000e+000  1.0000000e+000  1.1755601e+004  7.1612903e+003  6.6497696e+003
  0.0000000e+000  4.6000000e+001  1.0000000e+001  0.0000000e+000  0.0000000e+000  1.0000000e+000  1.0000000e+000  1.1755601e+004  7.1612903e+003  1.0166759e+004
  0.0000000e+000  5.3000000e+001  2.0000000e+000  0.0000000e+000  0.0000000e+000  1.0000000e+000  1.0000000e+000  1.1755601e+004  8.5935484e+003  0.0000000e+000
  0.0000000e+000  5.3000000e+001  1.2000000e+001  0.0000000e+000  0.0000000e+000  1.0000000e+000  0.0000000e+000  1.1755601e+004  9.8933226e+003  5.1720430e+003
  0.0000000e+000  3.9000000e+001  1.0000000e+001  1.0000000e+000  0.0000000e+000  0.0000000e+000  1.0000000e+000  1.1755601e+004  1.2532258e+004  2.5248436e+004
  0.0000000e+000  2.8000000e+001  1.6000000e+001  0.0000000e+000  0.0000000e+000  1.0000000e+000  0.0000000e+000  1.1755601e+004  1.5217742e+004  2.0688172e+004
  0.0000000e+000  5.1000000e+001  8.0000000e+000  0.0000000e+000  0.0000000e+000  1.0000000e+000  1.0000000e+000  1.1986794e+004  1.5468387e+003  0.0000000e+000
  0.0000000e+000  2.7000000e+001  1.2000000e+001  0.0000000e+000  0.0000000e+000  1.0000000e+000  0.0000000e+000  1.2147454e+004  2.3274194e+004  2.6599078e+004
  0.0000000e+000  5.3000000e+001  8.0000000e+000  0.0000000e+000  0.0000000e+000  1.0000000e+000  1.0000000e+000  1.2235621e+004  0.0000000e+000  7.2408602e+003
  0.0000000e+000  3.7000000e+001  1.1000000e+001  0.0000000e+000  0.0000000e+000  1.0000000e+000  1.0000000e+000  1.2735234e+004  0.0000000e+000  0.0000000e+000
  0.0000000e+000  1.9000000e+001  1.3000000e+001  0.0000000e+000  0.0000000e+000  1.0000000e+000  0.0000000e+000  1.2735234e+004  1.9693548e+004  2.8815668e+004
  0.0000000e+000  5.0000000e+001  6.0000000e+000  1.0000000e+000  0.0000000e+000  1.0000000e+000  1.0000000e+000  1.3033043e+004  4.0926774e+003  0.0000000e+000
  0.0000000e+000  2.9000000e+001  1.6000000e+001  0.0000000e+000  0.0000000e+000  1.0000000e+000  0.0000000e+000  1.3323014e+004  5.3709677e+003  1.7732719e+004
  0.0000000e+000  4.2000000e+001  1.3000000e+001  0.0000000e+000  0.0000000e+000  1.0000000e+000  0.0000000e+000  1.3701153e+004  0.0000000e+000  3.3987711e+004
  0.0000000e+000  2.2000000e+001  1.2000000e+001  1.0000000e+000  0.0000000e+000  1.0000000e+000  0.0000000e+000  1.3714868e+004  0.0000000e+000  6.6497696e+002
  0.0000000e+000  4.7000000e+001  1.2000000e+001  0.0000000e+000  0.0000000e+000  1.0000000e+000  0.0000000e+000  1.3714868e+004  0.0000000e+000  1.2560676e+004
  0.0000000e+000  2.6000000e+001  1.2000000e+001  0.0000000e+000  0.0000000e+000  1.0000000e+000  0.0000000e+000  1.3714868e+004  7.1612903e+002  2.2904762e+004
  0.0000000e+000  1.9000000e+001  1.1000000e+001  0.0000000e+000  0.0000000e+000  1.0000000e+000  1.0000000e+000  1.3714868e+004  6.4165161e+003  2.7781260e+004
  0.0000000e+000  3.9000000e+001  7.0000000e+000  0.0000000e+000  0.0000000e+000  1.0000000e+000  1.0000000e+000  1.3714868e+004  6.6241935e+003  0.0000000e+000
  0.0000000e+000  4.6000000e+001  8.0000000e+000  1.0000000e+000  0.0000000e+000  1.0000000e+000  1.0000000e+000  1.3714868e+004  7.0896774e+003  0.0000000e+000
  0.0000000e+000  2.1000000e+001  1.0000000e+001  0.0000000e+000  0.0000000e+000  1.0000000e+000  1.0000000e+000  1.3714868e+004  1.4080887e+004  7.2497266e+003
  0.0000000e+000  5.2000000e+001  8.0000000e+000  0.0000000e+000  0.0000000e+000  1.0000000e+000  1.0000000e+000  1.3714868e+004  1.4322581e+004  8.7481413e+003
  0.0000000e+000  2.8000000e+001  6.0000000e+000  0.0000000e+000  0.0000000e+000  1.0000000e+000  1.0000000e+000  1.3734460e+004  6.3950323e+003  1.0048541e+004
  0.0000000e+000  5.3000000e+001  5.0000000e+000  1.0000000e+000  0.0000000e+000  1.0000000e+000  1.0000000e+000  1.4008758e+004  2.6604194e+003  1.1082949e+004
  0.0000000e+000  5.4000000e+001  8.0000000e+000  0.0000000e+000  1.0000000e+000  1.0000000e+000  1.0000000e+000  1.4302648e+004  0.0000000e+000  8.8663594e+003
  0.0000000e+000  5.4000000e+001  8.0000000e+000  0.0000000e+000  1.0000000e+000  1.0000000e+000  1.0000000e+000  1.4302648e+004  0.0000000e+000  8.8663594e+003
  0.0000000e+000  5.1000000e+001  8.0000000e+000  0.0000000e+000  0.0000000e+000  1.0000000e+000  1.0000000e+000  1.4465267e+004  2.1752419e+004  0.0000000e+000
  0.0000000e+000  3.7000000e+001  1.3000000e+001  0.0000000e+000  0.0000000e+000  1.0000000e+000  0.0000000e+000  1.4694501e+004  8.9516129e+003  1.7732719e+004
  0.0000000e+000  2.6000000e+001  1.6000000e+001  0.0000000e+000  0.0000000e+000  1.0000000e+000  0.0000000e+000  1.4694501e+004  1.1637097e+004  2.0688172e+004
  0.0000000e+000  2.7000000e+001  1.2000000e+001  1.0000000e+000  0.0000000e+000  1.0000000e+000  0.0000000e+000  1.4694501e+004  1.3427419e+004  1.4079779e+004
  0.0000000e+000  2.7000000e+001  9.0000000e+000  0.0000000e+000  0.0000000e+000  1.0000000e+000  1.0000000e+000  1.5478208e+004  1.6470968e+004  1.5516129e+004
  0.0000000e+000  1.9000000e+001  1.1000000e+001  1.0000000e+000  0.0000000e+000  0.0000000e+000  1.0000000e+000  1.5587927e+004  1.0741935e+004  0.0000000e+000
  0.0000000e+000  4.6000000e+001  1.2000000e+001  0.0000000e+000  0.0000000e+000  1.0000000e+000  0.0000000e+000  1.5674134e+004  7.3403226e+002  2.0688172e+004
  0.0000000e+000  4.9000000e+001  8.0000000e+000  0.0000000e+000  1.0000000e+000  0.0000000e+000  1.0000000e+000  1.5674134e+004  1.0741935e+003  0.0000000e+000
  0.0000000e+000  2.1000000e+001  1.3000000e+001  0.0000000e+000  0.0000000e+000  0.0000000e+000  0.0000000e+000  1.5674134e+004  4.9466613e+003  1.7333733e+003
  0.0000000e+000  2.5000000e+001  1.1000000e+001  1.0000000e+000  0.0000000e+000  0.0000000e+000  1.0000000e+000  1.5674134e+004  6.9822581e+003  1.3890630e+004
  0.0000000e+000  2.3000000e+001  1.1000000e+001  1.0000000e+000  0.0000000e+000  1.0000000e+000  1.0000000e+000  1.5674134e+004  8.4145161e+003  8.8663594e+003
  0.0000000e+000  3.7000000e+001  1.2000000e+001  0.0000000e+000  0.0000000e+000  1.0000000e+000  0.0000000e+000  1.5674134e+004  8.9516129e+003  2.8076805e+004
  0.0000000e+000  3.7000000e+001  1.2000000e+001  0.0000000e+000  0.0000000e+000  1.0000000e+000  0.0000000e+000  1.5674134e+004  8.9516129e+003  2.8076805e+004
  0.0000000e+000  1.8000000e+001  1.0000000e+001  0.0000000e+000  1.0000000e+000  1.0000000e+000  1.0000000e+000  1.5674134e+004  1.0741935e+004  2.0688172e+004
  0.0000000e+000  5.4000000e+001  1.2000000e+001  0.0000000e+000  0.0000000e+000  1.0000000e+000  0.0000000e+000  1.5674134e+004  2.5064516e+004  0.0000000e+000
  0.0000000e+000  5.4000000e+001  1.2000000e+001  0.0000000e+000  0.0000000e+000  1.0000000e+000  0.0000000e+000  1.5674134e+004  2.5064516e+004  0.0000000e+000
  0.0000000e+000  4.1000000e+001  7.0000000e+000  1.0000000e+000  0.0000000e+000  1.0000000e+000  1.0000000e+000  1.5674134e+004  3.2225806e+004  1.1082949e+004
  0.0000000e+000  5.1000000e+001  8.0000000e+000  1.0000000e+000  0.0000000e+000  1.0000000e+000  1.0000000e+000  1.5987617e+004  5.8006452e+003  0.0000000e+000
  0.0000000e+000  5.3000000e+001  4.0000000e+000  1.0000000e+000  0.0000000e+000  1.0000000e+000  1.0000000e+000  1.6142399e+004  9.8467742e+002  0.0000000e+000
  0.0000000e+000  4.5000000e+001  4.0000000e+000  0.0000000e+000  1.0000000e+000  1.0000000e+000  1.0000000e+000  1.6261914e+004  2.8108065e+004  2.8076805e+004
  0.0000000e+000  2.5000000e+001  1.2000000e+001  0.0000000e+000  0.0000000e+000  1.0000000e+000  0.0000000e+000  1.6653768e+004  1.2181355e+004  1.7732719e+004
  0.0000000e+000  2.7000000e+001  1.5000000e+001  0.0000000e+000  0.0000000e+000  0.0000000e+000  0.0000000e+000  1.6653768e+004  2.3274194e+004  2.3643625e+004
  0.0000000e+000  2.6000000e+001  1.2000000e+001  0.0000000e+000  0.0000000e+000  0.0000000e+000  0.0000000e+000  1.6653768e+004  2.3274194e+004  2.9554531e+003
  0.0000000e+000  3.3000000e+001  1.1000000e+001  1.0000000e+000  0.0000000e+000  1.0000000e+000  1.0000000e+000  1.7370859e+004  1.5844355e+004  1.4753622e+004
  0.0000000e+000  4.2000000e+001  8.0000000e+000  1.0000000e+000  0.0000000e+000  0.0000000e+000  1.0000000e+000  1.7633401e+004  1.0562903e+004  0.0000000e+000
  0.0000000e+000  4.6000000e+001  1.0000000e+001  0.0000000e+000  1.0000000e+000  1.0000000e+000  1.0000000e+000  1.7633401e+004  1.0741935e+004  5.9109063e+003
  0.0000000e+000  2.8000000e+001  1.4000000e+001  1.0000000e+000  0.0000000e+000  1.0000000e+000  0.0000000e+000  1.7633401e+004  1.2532258e+004  1.6254992e+004
  0.0000000e+000  2.8000000e+001  1.2000000e+001  0.0000000e+000  0.0000000e+000  0.0000000e+000  0.0000000e+000  1.7829328e+004  5.0129032e+003  1.6240215e+004
  0.0000000e+000  4.6000000e+001  3.0000000e+000  1.0000000e+000  0.0000000e+000  1.0000000e+000  1.0000000e+000  1.8319145e+004  1.4322581e+004  1.9949309e+004
  0.0000000e+000  3.7000000e+001  1.2000000e+001  1.0000000e+000  0.0000000e+000  1.0000000e+000  0.0000000e+000  1.8808961e+004  1.6112903e+004  3.2509985e+004
  0.0000000e+000  4.3000000e+001  1.2000000e+001  0.0000000e+000  0.0000000e+000  1.0000000e+000  0.0000000e+000  1.8808961e+004  1.7903226e+004  2.6155760e+004
  0.0000000e+000  2.6000000e+001  1.2000000e+001  0.0000000e+000  1.0000000e+000  1.0000000e+000  0.0000000e+000  1.9055829e+004  0.0000000e+000  1.3299539e+004
  0.0000000e+000  4.9000000e+001  4.0000000e+000  0.0000000e+000  0.0000000e+000  1.0000000e+000  1.0000000e+000  1.9200815e+004  7.1612903e+003  2.9554531e+003
  0.0000000e+000  2.2000000e+001  1.4000000e+001  0.0000000e+000  0.0000000e+000  1.0000000e+000  0.0000000e+000  1.9279185e+004  1.7616774e+004  1.7289401e+004
  0.0000000e+000  2.1000000e+001  1.2000000e+001  1.0000000e+000  0.0000000e+000  0.0000000e+000  0.0000000e+000  1.9592668e+004  7.1612903e+002  2.2165899e+004
  0.0000000e+000  2.5000000e+001  1.2000000e+001  1.0000000e+000  0.0000000e+000  1.0000000e+000  0.0000000e+000  1.9592668e+004  5.3709677e+003  2.4642568e+004
  0.0000000e+000  2.4000000e+001  1.6000000e+001  0.0000000e+000  0.0000000e+000  1.0000000e+000  0.0000000e+000  1.9592668e+004  1.2890323e+004  3.1032258e+004
  0.0000000e+000  4.5000000e+001  1.4000000e+001  0.0000000e+000  0.0000000e+000  1.0000000e+000  0.0000000e+000  1.9592668e+004  1.3606452e+004  1.7732719e+004
  0.0000000e+000  2.0000000e+001  1.2000000e+001  1.0000000e+000  0.0000000e+000  1.0000000e+000  0.0000000e+000  1.9592668e+004  1.6709081e+004  1.2708449e+004
  0.0000000e+000  3.0000000e+001  1.2000000e+001  0.0000000e+000  0.0000000e+000  1.0000000e+000  0.0000000e+000  1.9592668e+004  2.1483871e+004  2.9554531e+004
  0.0000000e+000  5.3000000e+001  1.0000000e+001  1.0000000e+000  0.0000000e+000  1.0000000e+000  1.0000000e+000  2.0062892e+004  1.5502403e+004  1.3299539e+004
  0.0000000e+000  5.0000000e+001  7.0000000e+000  0.0000000e+000  0.0000000e+000  1.0000000e+000  1.0000000e+000  2.0180448e+004  1.4322581e+004  0.0000000e+000
  0.0000000e+000  3.0000000e+001  1.2000000e+001  0.0000000e+000  0.0000000e+000  1.0000000e+000  0.0000000e+000  2.0180448e+004  1.5754839e+004  3.3987711e+004
  0.0000000e+000  4.0000000e+001  1.1000000e+001  1.0000000e+000  0.0000000e+000  1.0000000e+000  1.0000000e+000  2.0278411e+004  1.6112903e+004  1.9210445e+004
  0.0000000e+000  4.2000000e+001  1.2000000e+001  0.0000000e+000  0.0000000e+000  1.0000000e+000  0.0000000e+000  2.1160081e+004  2.1483871e+004  1.2232621e+004
  0.0000000e+000  3.5000000e+001  1.2000000e+001  1.0000000e+000  0.0000000e+000  1.0000000e+000  0.0000000e+000  2.1551935e+004  1.4322581e+004  1.5638780e+004
  0.0000000e+000  3.5000000e+001  1.2000000e+001  1.0000000e+000  0.0000000e+000  1.0000000e+000  0.0000000e+000  2.1551935e+004  1.4322581e+004  1.5638780e+004
  0.0000000e+000  2.7000000e+001  1.3000000e+001  0.0000000e+000  0.0000000e+000  1.0000000e+000  0.0000000e+000  2.1551935e+004  1.4322581e+004  1.6254992e+004
  0.0000000e+000  4.6000000e+001  1.1000000e+001  0.0000000e+000  0.0000000e+000  1.0000000e+000  1.0000000e+000  2.1551935e+004  1.6112903e+004  1.3299539e+004
  0.0000000e+000  4.8000000e+001  1.0000000e+001  0.0000000e+000  0.0000000e+000  1.0000000e+000  1.0000000e+000  2.3511202e+004  2.8645161e+003  0.0000000e+000
  0.0000000e+000  5.0000000e+001  1.6000000e+001  0.0000000e+000  0.0000000e+000  0.0000000e+000  0.0000000e+000  2.3511202e+004  1.4322581e+004  3.9973982e+004
  0.0000000e+000  5.2000000e+001  1.1000000e+001  0.0000000e+000  0.0000000e+000  1.0000000e+000  1.0000000e+000  2.3568020e+004  0.0000000e+000  0.0000000e+000
  0.0000000e+000  2.7000000e+001  1.2000000e+001  0.0000000e+000  0.0000000e+000  1.0000000e+000  0.0000000e+000  2.3707128e+004  2.1483871e+004  3.3987711e+004
  0.0000000e+000  2.4000000e+001  1.3000000e+001  0.0000000e+000  0.0000000e+000  1.0000000e+000  0.0000000e+000  2.3903055e+004  1.7903226e+003  4.4922888e+002
  0.0000000e+000  4.6000000e+001  1.2000000e+001  0.0000000e+000  0.0000000e+000  0.0000000e+000  0.0000000e+000  2.3918729e+004  1.2532258e+004  0.0000000e+000
  0.0000000e+000  2.6000000e+001  1.6000000e+001  0.0000000e+000  0.0000000e+000  0.0000000e+000  0.0000000e+000  2.4490835e+004  2.7750000e+004  9.6052227e+003
  0.0000000e+000  3.2000000e+001  1.0000000e+001  0.0000000e+000  0.0000000e+000  1.0000000e+000  1.0000000e+000  2.4686762e+004  2.7033871e+004  2.2904762e+004
  0.0000000e+000  3.5000000e+001  1.2000000e+001  0.0000000e+000  0.0000000e+000  1.0000000e+000  0.0000000e+000  2.5078615e+004  2.6854839e+004  2.9554531e+004
  0.0000000e+000  4.8000000e+001  8.0000000e+000  0.0000000e+000  0.0000000e+000  1.0000000e+000  1.0000000e+000  2.5470468e+004  0.0000000e+000  1.3299539e+004
  0.0000000e+000  2.8000000e+001  1.3000000e+001  0.0000000e+000  0.0000000e+000  1.0000000e+000  0.0000000e+000  2.5470468e+004  1.9693548e+004  2.6599078e+004
  0.0000000e+000  5.1000000e+001  1.6000000e+001  0.0000000e+000  0.0000000e+000  0.0000000e+000  0.0000000e+000  2.5470468e+004  2.4169355e+004  1.2708449e+004
  0.0000000e+000  5.0000000e+001  1.2000000e+001  0.0000000e+000  0.0000000e+000  1.0000000e+000  0.0000000e+000  2.6254175e+004  0.0000000e+000  0.0000000e+000
  0.0000000e+000  2.5000000e+001  1.2000000e+001  0.0000000e+000  0.0000000e+000  0.0000000e+000  0.0000000e+000  2.6254175e+004  2.1483871e+004  2.6599078e+004
  0.0000000e+000  4.4000000e+001  6.0000000e+000  0.0000000e+000  1.0000000e+000  1.0000000e+000  1.0000000e+000  2.6450102e+004  3.5806452e+003  0.0000000e+000
  0.0000000e+000  4.3000000e+001  1.2000000e+001  1.0000000e+000  0.0000000e+000  1.0000000e+000  0.0000000e+000  2.6450102e+004  1.4322581e+004  2.9554531e+004
  0.0000000e+000  3.9000000e+001  1.2000000e+001  0.0000000e+000  0.0000000e+000  1.0000000e+000  0.0000000e+000  2.6450102e+004  2.7750000e+004  6.3542243e+003
  0.0000000e+000  2.1000000e+001  1.2000000e+001  1.0000000e+000  0.0000000e+000  1.0000000e+000  0.0000000e+000  2.7037882e+004  1.6560484e+004  2.0688172e+004
  0.0000000e+000  5.4000000e+001  1.3000000e+001  0.0000000e+000  0.0000000e+000  1.0000000e+000  0.0000000e+000  2.7429735e+004  2.5422581e+004  2.4382488e+004
  0.0000000e+000  4.0000000e+001  1.1000000e+001  0.0000000e+000  0.0000000e+000  1.0000000e+000  1.0000000e+000  2.8409369e+004  1.2532258e+004  1.3299539e+004
  0.0000000e+000  2.8000000e+001  1.2000000e+001  0.0000000e+000  0.0000000e+000  1.0000000e+000  0.0000000e+000  2.8605295e+004  2.0588710e+004  3.4135484e+004
  0.0000000e+000  2.4000000e+001  1.2000000e+001  0.0000000e+000  0.0000000e+000  1.0000000e+000  0.0000000e+000  2.9193075e+004  2.1304839e+004  1.9242955e+004
  0.0000000e+000  4.1000000e+001  1.3000000e+001  0.0000000e+000  0.0000000e+000  0.0000000e+000  0.0000000e+000  2.9389002e+004  0.0000000e+000  3.0293395e+004
  0.0000000e+000  1.9000000e+001  1.1000000e+001  1.0000000e+000  0.0000000e+000  0.0000000e+000  1.0000000e+000  2.9725996e+004  8.8065968e+003  9.4574501e+003
  0.0000000e+000  2.8000000e+001  1.2000000e+001  0.0000000e+000  0.0000000e+000  1.0000000e+000  0.0000000e+000  3.0760489e+004  2.8824194e+004  3.9898618e+004
  0.0000000e+000  3.9000000e+001  1.4000000e+001  0.0000000e+000  0.0000000e+000  1.0000000e+000  0.0000000e+000  3.1348269e+004  2.7750000e+004  4.7287250e+004
  0.0000000e+000  3.9000000e+001  1.4000000e+001  0.0000000e+000  0.0000000e+000  1.0000000e+000  0.0000000e+000  3.1348269e+004  2.7750000e+004  4.7287250e+004
  0.0000000e+000  5.0000000e+001  1.7000000e+001  0.0000000e+000  0.0000000e+000  1.0000000e+000  0.0000000e+000  3.3307536e+004  3.0435484e+004  2.5860215e+004
  0.0000000e+000  4.2000000e+001  1.1000000e+001  0.0000000e+000  0.0000000e+000  1.0000000e+000  1.0000000e+000  3.3307536e+004  4.4758065e+004  5.4675883e+004
  0.0000000e+000  3.7000000e+001  1.0000000e+001  0.0000000e+000  0.0000000e+000  1.0000000e+000  1.0000000e+000  3.6246436e+004  1.7545161e+004  1.7732719e+004
  0.0000000e+000  3.7000000e+001  1.0000000e+001  0.0000000e+000  0.0000000e+000  1.0000000e+000  1.0000000e+000  3.6246436e+004  1.7545161e+004  1.7732719e+004
  0.0000000e+000  4.9000000e+001  8.0000000e+000  0.0000000e+000  0.0000000e+000  1.0000000e+000  1.0000000e+000  3.7226069e+004  1.4322581e+004  2.3643625e+004
  0.0000000e+000  4.3000000e+001  1.7000000e+001  0.0000000e+000  0.0000000e+000  1.0000000e+000  0.0000000e+000  3.7226069e+004  1.6650000e+004  3.0441167e+004
  0.0000000e+000  3.8000000e+001  1.6000000e+001  0.0000000e+000  0.0000000e+000  1.0000000e+000  0.0000000e+000  5.8778004e+004  5.3709677e+004  4.1376344e+004
  0.0000000e+000  5.1000000e+001  1.7000000e+001  0.0000000e+000  0.0000000e+000  1.0000000e+000  0.0000000e+000  7.4452138e+004  0.0000000e+000  0.0000000e+000
